1 1 2 1 1 1 1 1 58 57 56 55 56 53 54 53 54 55 1 49 48 47 46 47 48 43 1 1 1 1 
1 1 3 1 1 1 1 1 1 56 55 54 55 52 51 52 1 1 1 1 47 46 45 48 47 42 41 1 1 1 
1 1 4 1 10 1 1 1 1 55 54 53 52 51 50 49 1 1 1 1 1 45 44 47 46 41 40 39 40 41 
1 6 5 6 9 1 1 1 1 1 53 1 51 50 49 48 1 1 1 1 1 42 43 46 45 42 41 38 39 1 
1 1 6 7 8 1 1 1 1 1 52 51 50 49 48 47 46 45 1 1 1 41 42 43 44 1 1 37 38 1 
1 1 7 22 21 20 19 1 1 20 51 50 49 48 47 46 45 44 45 46 41 40 41 46 45 1 1 36 39 1 
1 1 8 1 20 19 18 19 20 19 52 51 50 49 46 45 44 43 42 47 42 39 40 41 42 43 36 35 1 1 
1 1 9 10 13 14 17 16 17 18 53 52 49 48 47 1 1 42 41 40 39 38 39 40 1 32 33 34 1 1 
14 11 10 11 12 13 14 15 16 17 20 51 50 47 46 45 44 41 40 39 38 37 36 35 34 31 30 1 1 15 
13 12 11 12 13 14 15 16 17 18 19 22 49 48 45 44 43 42 1 38 37 36 35 34 33 32 29 28 17 16 
28 27 12 13 14 15 16 17 18 19 20 21 50 49 46 45 44 43 44 1 1 35 34 33 32 31 30 27 28 29 
25 26 13 14 15 16 17 18 19 20 21 22 1 48 47 46 45 46 1 38 37 36 35 34 33 32 31 26 25 24 
24 25 14 15 16 17 20 19 20 21 22 23 1 1 1 1 1 47 48 49 46 37 1 35 34 35 26 25 24 23 
23 16 15 16 17 20 1 24 23 22 23 24 1 1 1 1 1 1 47 46 45 44 43 36 35 36 1 26 23 22 
22 17 18 17 18 19 26 25 24 23 24 25 26 27 28 29 1 1 46 45 44 43 42 41 40 37 1 27 22 21 
19 18 19 20 19 20 27 28 27 24 25 26 1 28 29 30 1 1 47 46 45 44 43 44 39 38 29 28 23 20 
1 23 22 21 20 21 28 27 26 25 1 27 1 33 30 1 1 1 1 1 46 45 44 43 40 39 30 31 1 21 
27 24 23 24 1 22 39 40 27 28 1 28 29 32 31 1 1 1 1 46 45 44 43 42 41 40 39 36 35 22 
26 25 24 25 1 37 38 1 30 29 30 29 30 31 1 1 1 1 1 45 44 43 42 43 1 39 38 1 34 33 
31 1 27 26 1 36 37 1 31 30 31 30 31 1 1 1 1 1 1 44 43 42 41 40 39 38 37 36 35 32 
30 29 28 27 1 35 34 35 36 35 34 33 32 1 1 1 1 1 1 1 1 41 40 39 38 37 36 35 34 35 
31 30 29 30 31 32 33 34 35 36 35 34 1 1 1 1 1 1 1 1 1 1 41 40 39 38 39 34 33 32 
32 31 32 31 32 33 34 35 36 37 36 35 48 47 48 1 54 53 52 53 44 43 42 41 40 41 1 1 34 35 
33 32 33 32 33 36 35 36 37 38 37 36 47 46 47 1 55 52 51 52 45 46 47 48 41 42 43 1 35 36 
34 33 34 35 34 37 36 41 40 39 38 37 46 45 46 1 50 51 50 51 46 45 44 43 42 1 44 37 36 35 
35 34 35 36 35 38 37 38 39 40 39 38 41 44 45 48 49 50 49 48 47 46 45 44 43 1 1 38 37 36 
36 35 36 37 38 39 40 39 40 41 40 39 40 43 46 47 48 51 1 49 48 1 1 45 44 43 40 39 38 37 
37 1 1 38 41 42 41 40 41 42 41 40 41 42 1 46 49 50 51 50 51 1 1 44 43 42 41 40 39 38 
1 1 1 39 40 41 42 41 42 43 1 41 42 43 44 45 48 49 50 51 50 49 1 45 44 1 1 1 40 1 
1 1 1 1 41 1 1 1 43 44 1 1 1 44 45 46 47 48 49 50 49 48 47 46 1 1 1 1 1 1 
